66.32166 -179.12198
-18.2048 -178.79251
-43.95353 -176.55973
-21.15216 -175.21333
52.16298 -174.28505
-13.51963 -172.63784
-2.81 -171.678
64.06013 -139.43328
32.46278 -117.105
-27.11048 -109.29749
-0.95542 -90.96654
14.50038 -89.2732
17.075 -89.13917
12.74593 -87.4516
10.25 -85.66667
22.29058 -84.28599
-4.57722 -81.27194
25.728 -79.29721
18.26844 -78.3481
18.4049 -74.4528
-7.85286 -73.23613
10.06077 -72.55212
-16 -69.16667
17.35908 -62.84858
17.06565 -61.87466
12.05288 -61.75226
10.17411 -61.68407
15.58333 -61.46667
13.23676 -61.27275
13.86426 -61.07016
3.38333 -59.8
13.25072 -59.64396
-33.87031 -58.41176
5.92606 -56.97297
39.41619 -31.21725
17.20171 -25.09217
27.75404 -18.00367
14.70649 -17.47581
20.94188 -17.03842
13.25 -16.75
12.27444 -16.16528
22.6558 -15.60719
11.08333 -14.41667
8.69778 -13.23917
14.44693 -11.44448
6.75329 -11.3671
52.14083 -10.26889
27.67111 -8.14743
54.34615 -7.64133
48.36053 -4.77086